    0.0463  -13.1047    7.2720
    0.7597  -16.0366    3.1499
    0.7818  -14.9064    5.1789
    0.8382  -20.9429    3.8744
    0.8444  -20.7266    0.0439
    1.0665  -24.9345    2.0357
    1.2332  -26.8725    5.2250
    1.3607  -30.1239    3.8902
    1.4495  -31.2051    1.7625
    1.4554  -31.7916    2.7472
    1.5238  -20.5636    4.4990
    1.6218  -36.8528    2.0140
    1.6565  -46.0078    5.9499
    1.8185  -40.1210    2.7186
    1.8391  -45.5901    7.6177
    2.2898  -42.2758    1.8403
    2.3992  -42.9360    4.3984
    2.3995  -42.4065    0.9579
    2.5987  -41.8129    2.5527
    2.6297  -42.2192    2.8135
    2.6380  -39.7370    4.8027
    3.1122  -33.4734    5.8843
    3.5095  -37.0747    4.6010
    3.9978  -43.1972    3.2539
    4.0181  -51.9319    5.6310
    4.3141  -30.3164    5.5978
    4.4268  -41.6053    4.2404
    4.5054  -32.3253    5.1425
    5.1325  -21.0911    4.8256
    5.2853  -13.3739    2.0261
    5.3834  -15.9784    5.5191
    5.4986  -14.1474    2.6856
    5.7970   -4.2243    2.7922
    6.0198    2.6668    4.3539
    6.2206    8.0969    3.3850
    6.5408   16.4121    3.7364
    6.8921   25.3978    5.1907
    7.4815   58.3486    6.0937
    7.7491   63.9302    3.6041
    7.9428   73.3534    4.6554
    8.0007   85.7246    3.5234
    8.1730   87.9333    4.4592
    8.2582   93.5570    4.8800
    8.5303  111.4109    2.7663
    8.6869  116.3414    4.5497
    8.6929  123.4018    5.2022
    9.1065  141.0013    4.1846
    9.1334  151.6465    7.4597
    9.6190  176.8059    2.7829
    9.9613  197.7637    2.5259
